room_1:
  x: 3.5621731402518204
  y: -4.671101007945189
  z: 0.0
  qx: 0.0
  qy: 0.0
  qz: -0.882735795603073
  qw: 0.4698696789121529
  
room_2:
  x: 5.551115123125783e-17
  y: -1.1102230246251565e-16
  z: 0.0
  qx: 0.0
  qy: 0.0
  qz: 5.551115123125783e-17
  qw: 1.0